superslab____/simulation/out/maps/wtN0017.asc
ncols         104
nrows         10
xllcorner     -2.000000
yllcorner     0.000000
cellsize      1.000000
NODATA_value  -9999.0
-9999.0 -9999.0 -9999.0 -9999.0 -9999.0 -9999.0 -9999.0 -9999.0 -9999.0 -9999.0 -9999.0 -9999.0 -9999.0 -9999.0 -9999.0 -9999.0 -9999.0 -9999.0 -9999.0 -9999.0 -9999.0 -9999.0 -9999.0 -9999.0 -9999.0 -9999.0 -9999.0 -9999.0 -9999.0 -9999.0 -9999.0 -9999.0 -9999.0 -9999.0 -9999.0 -9999.0 -9999.0 -9999.0 -9999.0 -9999.0 -9999.0 -9999.0 -9999.0 -9999.0 -9999.0 -9999.0 -9999.0 -9999.0 -9999.0 -9999.0 -9999.0 -9999.0 -9999.0 -9999.0 -9999.0 -9999.0 -9999.0 -9999.0 -9999.0 -9999.0 -9999.0 -9999.0 -9999.0 -9999.0 -9999.0 -9999.0 -9999.0 -9999.0 -9999.0 -9999.0 -9999.0 -9999.0 -9999.0 -9999.0 -9999.0 -9999.0 -9999.0 -9999.0 -9999.0 -9999.0 -9999.0 -9999.0 -9999.0 -9999.0 -9999.0 -9999.0 -9999.0 -9999.0 -9999.0 -9999.0 -9999.0 -9999.0 -9999.0 -9999.0 -9999.0 -9999.0 -9999.0 -9999.0 -9999.0 -9999.0 -9999.0 -9999.0 -9999.0 -9999.0
-9999.0 -9999.0 -9999.0 -9999.0 -9999.0 -9999.0 -9999.0 -9999.0 -9999.0 -9999.0 -9999.0 -9999.0 -9999.0 -9999.0 -9999.0 -9999.0 -9999.0 -9999.0 -9999.0 -9999.0 -9999.0 -9999.0 -9999.0 -9999.0 -9999.0 -9999.0 -9999.0 -9999.0 -9999.0 -9999.0 -9999.0 -9999.0 -9999.0 -9999.0 -9999.0 -9999.0 -9999.0 -9999.0 -9999.0 -9999.0 -9999.0 -9999.0 -9999.0 -9999.0 -9999.0 -9999.0 -9999.0 -9999.0 -9999.0 -9999.0 -9999.0 -9999.0 -9999.0 -9999.0 -9999.0 -9999.0 -9999.0 -9999.0 -9999.0 -9999.0 -9999.0 -9999.0 -9999.0 -9999.0 -9999.0 -9999.0 -9999.0 -9999.0 -9999.0 -9999.0 -9999.0 -9999.0 -9999.0 -9999.0 -9999.0 -9999.0 -9999.0 -9999.0 -9999.0 -9999.0 -9999.0 -9999.0 -9999.0 -9999.0 -9999.0 -9999.0 -9999.0 -9999.0 -9999.0 -9999.0 -9999.0 -9999.0 -9999.0 -9999.0 -9999.0 -9999.0 -9999.0 -9999.0 -9999.0 -9999.0 -9999.0 -9999.0 -9999.0 -9999.0
-9999.0 -9999.0 3264.106784 3364.321098 3464.242597 3563.828928 3663.034351 3761.802924 3860.062420 3957.690243 4054.266111 4149.279831 4243.213027 4335.509512 4422.250220 4444.448106 4500.079790 4587.624338 4671.313163 4749.408595 4818.407754 4874.617721 4914.833197 4939.628060 4975.185951 4975.185951 4975.185951 4975.185951 4975.185951 4975.185951 4975.185951 4975.185951 4975.185951 4975.185951 4975.185951 4975.185951 4975.185951 4975.185951 4975.185951 4975.185951 4975.185951 4975.185951 4975.185951 4975.185951 4975.185951 4975.185951 4975.185951 4975.185951 4975.185951 4975.185951 4975.185951 4975.185951 4975.185951 4975.185951 4975.185951 4975.185951 4975.185951 4975.185951 4975.185951 4975.185951 4975.185951 4975.185951 4975.185951 4975.185951 4975.185951 4975.185951 4975.185951 4975.185951 4975.185951 4975.185951 4975.185951 4975.185951 4975.185951 4975.185951 4975.185951 4975.185951 4975.185951 4975.185951 4975.185951 4975.185951 4975.185951 4975.185951 4975.185951 4975.185951 4975.185951 4975.185951 4975.185951 4975.185951 4975.185951 4975.185951 4975.185951 4975.185951 4975.185951 4975.185951 4975.185951 4975.185951 4975.185951 4975.185951 4975.185951 4975.185951 4975.185951 4975.185951 -9999.0 -9999.0
-9999.0 -9999.0 3264.106783 3364.321100 3464.242595 3563.828929 3663.034350 3761.802925 3860.062421 3957.690245 4054.266110 4149.279830 4243.213028 4335.509516 4422.250227 4444.448103 4500.079794 4587.624342 4671.313165 4749.408596 4818.407754 4874.617723 4914.833198 4939.628059 4975.185951 4975.185951 4975.185951 4975.185951 4975.185951 4975.185951 4975.185951 4975.185951 4975.185951 4975.185951 4975.185951 4975.185951 4975.185951 4975.185951 4975.185951 4975.185951 4975.185951 4975.185951 4975.185951 4975.185951 4975.185951 4975.185951 4975.185951 4975.185951 4975.185951 4975.185951 4975.185951 4975.185951 4975.185951 4975.185951 4975.185951 4975.185951 4975.185951 4975.185951 4975.185951 4975.185951 4975.185951 4975.185951 4975.185951 4975.185951 4975.185951 4975.185951 4975.185951 4975.185951 4975.185951 4975.185951 4975.185951 4975.185951 4975.185951 4975.185951 4975.185951 4975.185951 4975.185951 4975.185951 4975.185951 4975.185951 4975.185951 4975.185951 4975.185951 4975.185951 4975.185951 4975.185951 4975.185951 4975.185951 4975.185951 4975.185951 4975.185951 4975.185951 4975.185951 4975.185951 4975.185951 4975.185951 4975.185951 4975.185951 4975.185951 4975.185951 4975.185951 4975.185951 -9999.0 -9999.0
-9999.0 -9999.0 3264.106784 3364.321098 3464.242597 3563.828928 3663.034351 3761.802924 3860.062421 3957.690245 4054.266112 4149.279832 4243.213030 4335.509512 4422.250226 4444.448106 4500.079798 4587.624342 4671.313165 4749.408600 4818.407754 4874.617722 4914.833200 4939.628057 4975.185951 4975.185951 4975.185951 4975.185951 4975.185951 4975.185951 4975.185951 4975.185951 4975.185951 4975.185951 4975.185951 4975.185951 4975.185951 4975.185951 4975.185951 4975.185951 4975.185951 4975.185951 4975.185951 4975.185951 4975.185951 4975.185951 4975.185951 4975.185951 4975.185951 4975.185951 4975.185951 4975.185951 4975.185951 4975.185951 4975.185951 4975.185951 4975.185951 4975.185951 4975.185951 4975.185951 4975.185951 4975.185951 4975.185951 4975.185951 4975.185951 4975.185951 4975.185951 4975.185951 4975.185951 4975.185951 4975.185951 4975.185951 4975.185951 4975.185951 4975.185951 4975.185951 4975.185951 4975.185951 4975.185951 4975.185951 4975.185951 4975.185951 4975.185951 4975.185951 4975.185951 4975.185951 4975.185951 4975.185951 4975.185951 4975.185951 4975.185951 4975.185951 4975.185951 4975.185951 4975.185951 4975.185951 4975.185951 4975.185951 4975.185951 4975.185951 4975.185951 4975.185951 -9999.0 -9999.0
-9999.0 -9999.0 3264.106783 3364.321099 3464.242596 3563.828930 3663.034350 3761.802925 3860.062420 3957.690246 4054.266111 4149.279832 4243.213029 4335.509512 4422.250225 4444.448106 4500.079798 4587.624342 4671.313165 4749.408600 4818.407754 4874.617722 4914.833200 4939.628057 4975.185951 4975.185951 4975.185951 4975.185951 4975.185951 4975.185951 4975.185951 4975.185951 4975.185951 4975.185951 4975.185951 4975.185951 4975.185951 4975.185951 4975.185951 4975.185951 4975.185951 4975.185951 4975.185951 4975.185951 4975.185951 4975.185951 4975.185951 4975.185951 4975.185951 4975.185951 4975.185951 4975.185951 4975.185951 4975.185951 4975.185951 4975.185951 4975.185951 4975.185951 4975.185951 4975.185951 4975.185951 4975.185951 4975.185951 4975.185951 4975.185951 4975.185951 4975.185951 4975.185951 4975.185951 4975.185951 4975.185951 4975.185951 4975.185951 4975.185951 4975.185951 4975.185951 4975.185951 4975.185951 4975.185951 4975.185951 4975.185951 4975.185951 4975.185951 4975.185951 4975.185951 4975.185951 4975.185951 4975.185951 4975.185951 4975.185951 4975.185951 4975.185951 4975.185951 4975.185951 4975.185951 4975.185951 4975.185951 4975.185951 4975.185951 4975.185951 4975.185951 4975.185951 -9999.0 -9999.0
-9999.0 -9999.0 3264.106785 3364.321098 3464.242597 3563.828928 3663.034351 3761.802924 3860.062422 3957.690244 4054.266111 4149.279830 4243.213029 4335.509516 4422.250227 4444.448103 4500.079795 4587.624341 4671.313165 4749.408596 4818.407755 4874.617723 4914.833198 4939.628059 4975.185951 4975.185951 4975.185951 4975.185951 4975.185951 4975.185951 4975.185951 4975.185951 4975.185951 4975.185951 4975.185951 4975.185951 4975.185951 4975.185951 4975.185951 4975.185951 4975.185951 4975.185951 4975.185951 4975.185951 4975.185951 4975.185951 4975.185951 4975.185951 4975.185951 4975.185951 4975.185951 4975.185951 4975.185951 4975.185951 4975.185951 4975.185951 4975.185951 4975.185951 4975.185951 4975.185951 4975.185951 4975.185951 4975.185951 4975.185951 4975.185951 4975.185951 4975.185951 4975.185951 4975.185951 4975.185951 4975.185951 4975.185951 4975.185951 4975.185951 4975.185951 4975.185951 4975.185951 4975.185951 4975.185951 4975.185951 4975.185951 4975.185951 4975.185951 4975.185951 4975.185951 4975.185951 4975.185951 4975.185951 4975.185951 4975.185951 4975.185951 4975.185951 4975.185951 4975.185951 4975.185951 4975.185951 4975.185951 4975.185951 4975.185951 4975.185951 4975.185951 4975.185951 -9999.0 -9999.0
-9999.0 -9999.0 3264.106782 3364.321100 3464.242595 3563.828929 3663.034350 3761.802925 3860.062419 3957.690244 4054.266110 4149.279832 4243.213027 4335.509512 4422.250220 4444.448106 4500.079790 4587.624338 4671.313163 4749.408595 4818.407754 4874.617721 4914.833197 4939.628060 4975.185951 4975.185951 4975.185951 4975.185951 4975.185951 4975.185951 4975.185951 4975.185951 4975.185951 4975.185951 4975.185951 4975.185951 4975.185951 4975.185951 4975.185951 4975.185951 4975.185951 4975.185951 4975.185951 4975.185951 4975.185951 4975.185951 4975.185951 4975.185951 4975.185951 4975.185951 4975.185951 4975.185951 4975.185951 4975.185951 4975.185951 4975.185951 4975.185951 4975.185951 4975.185951 4975.185951 4975.185951 4975.185951 4975.185951 4975.185951 4975.185951 4975.185951 4975.185951 4975.185951 4975.185951 4975.185951 4975.185951 4975.185951 4975.185951 4975.185951 4975.185951 4975.185951 4975.185951 4975.185951 4975.185951 4975.185951 4975.185951 4975.185951 4975.185951 4975.185951 4975.185951 4975.185951 4975.185951 4975.185951 4975.185951 4975.185951 4975.185951 4975.185951 4975.185951 4975.185951 4975.185951 4975.185951 4975.185951 4975.185951 4975.185951 4975.185951 4975.185951 4975.185951 -9999.0 -9999.0
-9999.0 -9999.0 -9999.0 -9999.0 -9999.0 -9999.0 -9999.0 -9999.0 -9999.0 -9999.0 -9999.0 -9999.0 -9999.0 -9999.0 -9999.0 -9999.0 -9999.0 -9999.0 -9999.0 -9999.0 -9999.0 -9999.0 -9999.0 -9999.0 -9999.0 -9999.0 -9999.0 -9999.0 -9999.0 -9999.0 -9999.0 -9999.0 -9999.0 -9999.0 -9999.0 -9999.0 -9999.0 -9999.0 -9999.0 -9999.0 -9999.0 -9999.0 -9999.0 -9999.0 -9999.0 -9999.0 -9999.0 -9999.0 -9999.0 -9999.0 -9999.0 -9999.0 -9999.0 -9999.0 -9999.0 -9999.0 -9999.0 -9999.0 -9999.0 -9999.0 -9999.0 -9999.0 -9999.0 -9999.0 -9999.0 -9999.0 -9999.0 -9999.0 -9999.0 -9999.0 -9999.0 -9999.0 -9999.0 -9999.0 -9999.0 -9999.0 -9999.0 -9999.0 -9999.0 -9999.0 -9999.0 -9999.0 -9999.0 -9999.0 -9999.0 -9999.0 -9999.0 -9999.0 -9999.0 -9999.0 -9999.0 -9999.0 -9999.0 -9999.0 -9999.0 -9999.0 -9999.0 -9999.0 -9999.0 -9999.0 -9999.0 -9999.0 -9999.0 -9999.0
-9999.0 -9999.0 -9999.0 -9999.0 -9999.0 -9999.0 -9999.0 -9999.0 -9999.0 -9999.0 -9999.0 -9999.0 -9999.0 -9999.0 -9999.0 -9999.0 -9999.0 -9999.0 -9999.0 -9999.0 -9999.0 -9999.0 -9999.0 -9999.0 -9999.0 -9999.0 -9999.0 -9999.0 -9999.0 -9999.0 -9999.0 -9999.0 -9999.0 -9999.0 -9999.0 -9999.0 -9999.0 -9999.0 -9999.0 -9999.0 -9999.0 -9999.0 -9999.0 -9999.0 -9999.0 -9999.0 -9999.0 -9999.0 -9999.0 -9999.0 -9999.0 -9999.0 -9999.0 -9999.0 -9999.0 -9999.0 -9999.0 -9999.0 -9999.0 -9999.0 -9999.0 -9999.0 -9999.0 -9999.0 -9999.0 -9999.0 -9999.0 -9999.0 -9999.0 -9999.0 -9999.0 -9999.0 -9999.0 -9999.0 -9999.0 -9999.0 -9999.0 -9999.0 -9999.0 -9999.0 -9999.0 -9999.0 -9999.0 -9999.0 -9999.0 -9999.0 -9999.0 -9999.0 -9999.0 -9999.0 -9999.0 -9999.0 -9999.0 -9999.0 -9999.0 -9999.0 -9999.0 -9999.0 -9999.0 -9999.0 -9999.0 -9999.0 -9999.0 -9999.0