superslab____/simulation/out/maps/wtN0011.asc
ncols         104
nrows         10
xllcorner     -2.000000
yllcorner     0.000000
cellsize      1.000000
NODATA_value  -9999.0
-9999.0 -9999.0 -9999.0 -9999.0 -9999.0 -9999.0 -9999.0 -9999.0 -9999.0 -9999.0 -9999.0 -9999.0 -9999.0 -9999.0 -9999.0 -9999.0 -9999.0 -9999.0 -9999.0 -9999.0 -9999.0 -9999.0 -9999.0 -9999.0 -9999.0 -9999.0 -9999.0 -9999.0 -9999.0 -9999.0 -9999.0 -9999.0 -9999.0 -9999.0 -9999.0 -9999.0 -9999.0 -9999.0 -9999.0 -9999.0 -9999.0 -9999.0 -9999.0 -9999.0 -9999.0 -9999.0 -9999.0 -9999.0 -9999.0 -9999.0 -9999.0 -9999.0 -9999.0 -9999.0 -9999.0 -9999.0 -9999.0 -9999.0 -9999.0 -9999.0 -9999.0 -9999.0 -9999.0 -9999.0 -9999.0 -9999.0 -9999.0 -9999.0 -9999.0 -9999.0 -9999.0 -9999.0 -9999.0 -9999.0 -9999.0 -9999.0 -9999.0 -9999.0 -9999.0 -9999.0 -9999.0 -9999.0 -9999.0 -9999.0 -9999.0 -9999.0 -9999.0 -9999.0 -9999.0 -9999.0 -9999.0 -9999.0 -9999.0 -9999.0 -9999.0 -9999.0 -9999.0 -9999.0 -9999.0 -9999.0 -9999.0 -9999.0 -9999.0 -9999.0
-9999.0 -9999.0 -9999.0 -9999.0 -9999.0 -9999.0 -9999.0 -9999.0 -9999.0 -9999.0 -9999.0 -9999.0 -9999.0 -9999.0 -9999.0 -9999.0 -9999.0 -9999.0 -9999.0 -9999.0 -9999.0 -9999.0 -9999.0 -9999.0 -9999.0 -9999.0 -9999.0 -9999.0 -9999.0 -9999.0 -9999.0 -9999.0 -9999.0 -9999.0 -9999.0 -9999.0 -9999.0 -9999.0 -9999.0 -9999.0 -9999.0 -9999.0 -9999.0 -9999.0 -9999.0 -9999.0 -9999.0 -9999.0 -9999.0 -9999.0 -9999.0 -9999.0 -9999.0 -9999.0 -9999.0 -9999.0 -9999.0 -9999.0 -9999.0 -9999.0 -9999.0 -9999.0 -9999.0 -9999.0 -9999.0 -9999.0 -9999.0 -9999.0 -9999.0 -9999.0 -9999.0 -9999.0 -9999.0 -9999.0 -9999.0 -9999.0 -9999.0 -9999.0 -9999.0 -9999.0 -9999.0 -9999.0 -9999.0 -9999.0 -9999.0 -9999.0 -9999.0 -9999.0 -9999.0 -9999.0 -9999.0 -9999.0 -9999.0 -9999.0 -9999.0 -9999.0 -9999.0 -9999.0 -9999.0 -9999.0 -9999.0 -9999.0 -9999.0 -9999.0
-9999.0 -9999.0 3681.311382 3781.423892 3881.087460 3980.223630 4078.733191 4176.484269 4273.296027 4368.868018 4461.635053 4548.434059 4624.805920 4624.252023 4652.507472 4737.112359 4816.055428 4884.866023 4937.158595 4975.185951 4975.185951 4975.185951 4975.185951 4975.185951 4975.185951 4975.185951 4975.185951 4975.185951 4975.185951 4975.185951 4975.185951 4975.185951 4975.185951 4975.185951 4975.185951 4975.185951 4975.185951 4975.185951 4975.185951 4975.185951 4975.185951 4975.185951 4975.185951 4975.185951 4975.185951 4975.185951 4975.185951 4975.185951 4975.185951 4975.185951 4975.185951 4975.185951 4975.185951 4975.185951 4975.185951 4975.185951 4975.185951 4975.185951 4975.185951 4975.185951 4975.185951 4975.185951 4975.185951 4975.185951 4975.185951 4975.185951 4975.185951 4975.185951 4975.185951 4975.185951 4975.185951 4975.185951 4975.185951 4975.185951 4975.185951 4975.185951 4975.185951 4975.185951 4975.185951 4975.185951 4975.185951 4975.185951 4975.185951 4975.185951 4975.185951 4975.185951 4975.185951 4975.185951 4975.185951 4975.185951 4975.185951 4975.185951 4975.185951 4975.185951 4975.185951 4975.185951 4975.185951 4975.185951 4975.185951 4975.185951 4975.185951 4975.185951 -9999.0 -9999.0
-9999.0 -9999.0 3681.311381 3781.423892 3881.087460 3980.223631 4078.733192 4176.484271 4273.296029 4368.868020 4461.635055 4548.434061 4624.805922 4624.252024 4652.507478 4737.112361 4816.055431 4884.866024 4937.158595 4975.185951 4975.185951 4975.185951 4975.185951 4975.185951 4975.185951 4975.185951 4975.185951 4975.185951 4975.185951 4975.185951 4975.185951 4975.185951 4975.185951 4975.185951 4975.185951 4975.185951 4975.185951 4975.185951 4975.185951 4975.185951 4975.185951 4975.185951 4975.185951 4975.185951 4975.185951 4975.185951 4975.185951 4975.185951 4975.185951 4975.185951 4975.185951 4975.185951 4975.185951 4975.185951 4975.185951 4975.185951 4975.185951 4975.185951 4975.185951 4975.185951 4975.185951 4975.185951 4975.185951 4975.185951 4975.185951 4975.185951 4975.185951 4975.185951 4975.185951 4975.185951 4975.185951 4975.185951 4975.185951 4975.185951 4975.185951 4975.185951 4975.185951 4975.185951 4975.185951 4975.185951 4975.185951 4975.185951 4975.185951 4975.185951 4975.185951 4975.185951 4975.185951 4975.185951 4975.185951 4975.185951 4975.185951 4975.185951 4975.185951 4975.185951 4975.185951 4975.185951 4975.185951 4975.185951 4975.185951 4975.185951 4975.185951 4975.185951 -9999.0 -9999.0
-9999.0 -9999.0 3681.311381 3781.423891 3881.087460 3980.223631 4078.733193 4176.484272 4273.296030 4368.868021 4461.635056 4548.434062 4624.805922 4624.252026 4652.507479 4737.112365 4816.055431 4884.866025 4937.158595 4975.185951 4975.185951 4975.185951 4975.185951 4975.185951 4975.185951 4975.185951 4975.185951 4975.185951 4975.185951 4975.185951 4975.185951 4975.185951 4975.185951 4975.185951 4975.185951 4975.185951 4975.185951 4975.185951 4975.185951 4975.185951 4975.185951 4975.185951 4975.185951 4975.185951 4975.185951 4975.185951 4975.185951 4975.185951 4975.185951 4975.185951 4975.185951 4975.185951 4975.185951 4975.185951 4975.185951 4975.185951 4975.185951 4975.185951 4975.185951 4975.185951 4975.185951 4975.185951 4975.185951 4975.185951 4975.185951 4975.185951 4975.185951 4975.185951 4975.185951 4975.185951 4975.185951 4975.185951 4975.185951 4975.185951 4975.185951 4975.185951 4975.185951 4975.185951 4975.185951 4975.185951 4975.185951 4975.185951 4975.185951 4975.185951 4975.185951 4975.185951 4975.185951 4975.185951 4975.185951 4975.185951 4975.185951 4975.185951 4975.185951 4975.185951 4975.185951 4975.185951 4975.185951 4975.185951 4975.185951 4975.185951 4975.185951 4975.185951 -9999.0 -9999.0
-9999.0 -9999.0 3681.311381 3781.423892 3881.087460 3980.223631 4078.733192 4176.484272 4273.296030 4368.868021 4461.635056 4548.434061 4624.805922 4624.252025 4652.507481 4737.112363 4816.055432 4884.866025 4937.158596 4975.185951 4975.185951 4975.185951 4975.185951 4975.185951 4975.185951 4975.185951 4975.185951 4975.185951 4975.185951 4975.185951 4975.185951 4975.185951 4975.185951 4975.185951 4975.185951 4975.185951 4975.185951 4975.185951 4975.185951 4975.185951 4975.185951 4975.185951 4975.185951 4975.185951 4975.185951 4975.185951 4975.185951 4975.185951 4975.185951 4975.185951 4975.185951 4975.185951 4975.185951 4975.185951 4975.185951 4975.185951 4975.185951 4975.185951 4975.185951 4975.185951 4975.185951 4975.185951 4975.185951 4975.185951 4975.185951 4975.185951 4975.185951 4975.185951 4975.185951 4975.185951 4975.185951 4975.185951 4975.185951 4975.185951 4975.185951 4975.185951 4975.185951 4975.185951 4975.185951 4975.185951 4975.185951 4975.185951 4975.185951 4975.185951 4975.185951 4975.185951 4975.185951 4975.185951 4975.185951 4975.185951 4975.185951 4975.185951 4975.185951 4975.185951 4975.185951 4975.185951 4975.185951 4975.185951 4975.185951 4975.185951 4975.185951 4975.185951 -9999.0 -9999.0
-9999.0 -9999.0 3681.311381 3781.423891 3881.087460 3980.223631 4078.733192 4176.484271 4273.296029 4368.868020 4461.635055 4548.434061 4624.805921 4624.252025 4652.507476 4737.112363 4816.055430 4884.866025 4937.158595 4975.185951 4975.185951 4975.185951 4975.185951 4975.185951 4975.185951 4975.185951 4975.185951 4975.185951 4975.185951 4975.185951 4975.185951 4975.185951 4975.185951 4975.185951 4975.185951 4975.185951 4975.185951 4975.185951 4975.185951 4975.185951 4975.185951 4975.185951 4975.185951 4975.185951 4975.185951 4975.185951 4975.185951 4975.185951 4975.185951 4975.185951 4975.185951 4975.185951 4975.185951 4975.185951 4975.185951 4975.185951 4975.185951 4975.185951 4975.185951 4975.185951 4975.185951 4975.185951 4975.185951 4975.185951 4975.185951 4975.185951 4975.185951 4975.185951 4975.185951 4975.185951 4975.185951 4975.185951 4975.185951 4975.185951 4975.185951 4975.185951 4975.185951 4975.185951 4975.185951 4975.185951 4975.185951 4975.185951 4975.185951 4975.185951 4975.185951 4975.185951 4975.185951 4975.185951 4975.185951 4975.185951 4975.185951 4975.185951 4975.185951 4975.185951 4975.185951 4975.185951 4975.185951 4975.185951 4975.185951 4975.185951 4975.185951 4975.185951 -9999.0 -9999.0
-9999.0 -9999.0 3681.311381 3781.423892 3881.087460 3980.223630 4078.733191 4176.484270 4273.296027 4368.868018 4461.635053 4548.434059 4624.805920 4624.252022 4652.507474 4737.112358 4816.055429 4884.866023 4937.158595 4975.185951 4975.185951 4975.185951 4975.185951 4975.185951 4975.185951 4975.185951 4975.185951 4975.185951 4975.185951 4975.185951 4975.185951 4975.185951 4975.185951 4975.185951 4975.185951 4975.185951 4975.185951 4975.185951 4975.185951 4975.185951 4975.185951 4975.185951 4975.185951 4975.185951 4975.185951 4975.185951 4975.185951 4975.185951 4975.185951 4975.185951 4975.185951 4975.185951 4975.185951 4975.185951 4975.185951 4975.185951 4975.185951 4975.185951 4975.185951 4975.185951 4975.185951 4975.185951 4975.185951 4975.185951 4975.185951 4975.185951 4975.185951 4975.185951 4975.185951 4975.185951 4975.185951 4975.185951 4975.185951 4975.185951 4975.185951 4975.185951 4975.185951 4975.185951 4975.185951 4975.185951 4975.185951 4975.185951 4975.185951 4975.185951 4975.185951 4975.185951 4975.185951 4975.185951 4975.185951 4975.185951 4975.185951 4975.185951 4975.185951 4975.185951 4975.185951 4975.185951 4975.185951 4975.185951 4975.185951 4975.185951 4975.185951 4975.185951 -9999.0 -9999.0
-9999.0 -9999.0 -9999.0 -9999.0 -9999.0 -9999.0 -9999.0 -9999.0 -9999.0 -9999.0 -9999.0 -9999.0 -9999.0 -9999.0 -9999.0 -9999.0 -9999.0 -9999.0 -9999.0 -9999.0 -9999.0 -9999.0 -9999.0 -9999.0 -9999.0 -9999.0 -9999.0 -9999.0 -9999.0 -9999.0 -9999.0 -9999.0 -9999.0 -9999.0 -9999.0 -9999.0 -9999.0 -9999.0 -9999.0 -9999.0 -9999.0 -9999.0 -9999.0 -9999.0 -9999.0 -9999.0 -9999.0 -9999.0 -9999.0 -9999.0 -9999.0 -9999.0 -9999.0 -9999.0 -9999.0 -9999.0 -9999.0 -9999.0 -9999.0 -9999.0 -9999.0 -9999.0 -9999.0 -9999.0 -9999.0 -9999.0 -9999.0 -9999.0 -9999.0 -9999.0 -9999.0 -9999.0 -9999.0 -9999.0 -9999.0 -9999.0 -9999.0 -9999.0 -9999.0 -9999.0 -9999.0 -9999.0 -9999.0 -9999.0 -9999.0 -9999.0 -9999.0 -9999.0 -9999.0 -9999.0 -9999.0 -9999.0 -9999.0 -9999.0 -9999.0 -9999.0 -9999.0 -9999.0 -9999.0 -9999.0 -9999.0 -9999.0 -9999.0 -9999.0
-9999.0 -9999.0 -9999.0 -9999.0 -9999.0 -9999.0 -9999.0 -9999.0 -9999.0 -9999.0 -9999.0 -9999.0 -9999.0 -9999.0 -9999.0 -9999.0 -9999.0 -9999.0 -9999.0 -9999.0 -9999.0 -9999.0 -9999.0 -9999.0 -9999.0 -9999.0 -9999.0 -9999.0 -9999.0 -9999.0 -9999.0 -9999.0 -9999.0 -9999.0 -9999.0 -9999.0 -9999.0 -9999.0 -9999.0 -9999.0 -9999.0 -9999.0 -9999.0 -9999.0 -9999.0 -9999.0 -9999.0 -9999.0 -9999.0 -9999.0 -9999.0 -9999.0 -9999.0 -9999.0 -9999.0 -9999.0 -9999.0 -9999.0 -9999.0 -9999.0 -9999.0 -9999.0 -9999.0 -9999.0 -9999.0 -9999.0 -9999.0 -9999.0 -9999.0 -9999.0 -9999.0 -9999.0 -9999.0 -9999.0 -9999.0 -9999.0 -9999.0 -9999.0 -9999.0 -9999.0 -9999.0 -9999.0 -9999.0 -9999.0 -9999.0 -9999.0 -9999.0 -9999.0 -9999.0 -9999.0 -9999.0 -9999.0 -9999.0 -9999.0 -9999.0 -9999.0 -9999.0 -9999.0 -9999.0 -9999.0 -9999.0 -9999.0 -9999.0 -9999.0