superslab____/simulation/out/maps/wtN0033.asc
ncols         104
nrows         10
xllcorner     -2.000000
yllcorner     0.000000
cellsize      1.000000
NODATA_value  -9999.0
-9999.0 -9999.0 -9999.0 -9999.0 -9999.0 -9999.0 -9999.0 -9999.0 -9999.0 -9999.0 -9999.0 -9999.0 -9999.0 -9999.0 -9999.0 -9999.0 -9999.0 -9999.0 -9999.0 -9999.0 -9999.0 -9999.0 -9999.0 -9999.0 -9999.0 -9999.0 -9999.0 -9999.0 -9999.0 -9999.0 -9999.0 -9999.0 -9999.0 -9999.0 -9999.0 -9999.0 -9999.0 -9999.0 -9999.0 -9999.0 -9999.0 -9999.0 -9999.0 -9999.0 -9999.0 -9999.0 -9999.0 -9999.0 -9999.0 -9999.0 -9999.0 -9999.0 -9999.0 -9999.0 -9999.0 -9999.0 -9999.0 -9999.0 -9999.0 -9999.0 -9999.0 -9999.0 -9999.0 -9999.0 -9999.0 -9999.0 -9999.0 -9999.0 -9999.0 -9999.0 -9999.0 -9999.0 -9999.0 -9999.0 -9999.0 -9999.0 -9999.0 -9999.0 -9999.0 -9999.0 -9999.0 -9999.0 -9999.0 -9999.0 -9999.0 -9999.0 -9999.0 -9999.0 -9999.0 -9999.0 -9999.0 -9999.0 -9999.0 -9999.0 -9999.0 -9999.0 -9999.0 -9999.0 -9999.0 -9999.0 -9999.0 -9999.0 -9999.0 -9999.0
-9999.0 -9999.0 -9999.0 -9999.0 -9999.0 -9999.0 -9999.0 -9999.0 -9999.0 -9999.0 -9999.0 -9999.0 -9999.0 -9999.0 -9999.0 -9999.0 -9999.0 -9999.0 -9999.0 -9999.0 -9999.0 -9999.0 -9999.0 -9999.0 -9999.0 -9999.0 -9999.0 -9999.0 -9999.0 -9999.0 -9999.0 -9999.0 -9999.0 -9999.0 -9999.0 -9999.0 -9999.0 -9999.0 -9999.0 -9999.0 -9999.0 -9999.0 -9999.0 -9999.0 -9999.0 -9999.0 -9999.0 -9999.0 -9999.0 -9999.0 -9999.0 -9999.0 -9999.0 -9999.0 -9999.0 -9999.0 -9999.0 -9999.0 -9999.0 -9999.0 -9999.0 -9999.0 -9999.0 -9999.0 -9999.0 -9999.0 -9999.0 -9999.0 -9999.0 -9999.0 -9999.0 -9999.0 -9999.0 -9999.0 -9999.0 -9999.0 -9999.0 -9999.0 -9999.0 -9999.0 -9999.0 -9999.0 -9999.0 -9999.0 -9999.0 -9999.0 -9999.0 -9999.0 -9999.0 -9999.0 -9999.0 -9999.0 -9999.0 -9999.0 -9999.0 -9999.0 -9999.0 -9999.0 -9999.0 -9999.0 -9999.0 -9999.0 -9999.0 -9999.0
-9999.0 -9999.0 2500.055666 2600.451637 2700.757465 2800.962037 2901.055851 3001.028410 3100.866027 3200.546172 3300.023170 3399.263841 3498.326420 3597.228795 3695.948336 3794.429602 3892.733354 3990.854856 4087.212163 4152.792467 4244.058899 4339.521163 4433.954903 4527.006712 4618.131330 4706.467234 4790.289203 4866.298430 4928.350928 4975.185951 4975.185951 4975.185951 4975.185951 4975.185951 4975.185951 4975.185951 4975.185951 4975.185951 4975.185951 4975.185951 4975.185951 4975.185951 4975.185951 4975.185951 4975.185951 4975.185951 4975.185951 4975.185951 4975.185951 4975.185951 4975.185951 4975.185951 4975.185951 4975.185951 4975.185951 4975.185951 4975.185951 4975.185951 4975.185951 4975.185951 4975.185951 4975.185951 4975.185951 4975.185951 4975.185951 4975.185951 4975.185951 4975.185951 4975.185951 4975.185951 4975.185951 4975.185951 4975.185951 4975.185951 4975.185951 4975.185951 4975.185951 4975.185951 4975.185951 4975.185951 4975.185951 4975.185951 4975.185951 4975.185951 4975.185951 4975.185951 4975.185951 4975.185951 4975.185951 4975.185951 4975.185951 4975.185951 4975.185951 4975.185951 4975.185951 4975.185951 4975.185951 4975.185951 4975.185951 4975.185951 4975.185951 4975.185951 -9999.0 -9999.0
-9999.0 -9999.0 2500.055670 2600.451639 2700.757469 2800.962038 2901.055854 3001.028410 3100.866029 3200.546173 3300.023173 3399.263843 3498.326424 3597.228797 3695.948339 3794.429605 3892.733357 3990.854857 4087.212163 4152.792466 4244.058897 4339.521162 4433.954902 4527.006710 4618.131329 4706.467233 4790.289202 4866.298430 4928.350927 4975.185951 4975.185951 4975.185951 4975.185951 4975.185951 4975.185951 4975.185951 4975.185951 4975.185951 4975.185951 4975.185951 4975.185951 4975.185951 4975.185951 4975.185951 4975.185951 4975.185951 4975.185951 4975.185951 4975.185951 4975.185951 4975.185951 4975.185951 4975.185951 4975.185951 4975.185951 4975.185951 4975.185951 4975.185951 4975.185951 4975.185951 4975.185951 4975.185951 4975.185951 4975.185951 4975.185951 4975.185951 4975.185951 4975.185951 4975.185951 4975.185951 4975.185951 4975.185951 4975.185951 4975.185951 4975.185951 4975.185951 4975.185951 4975.185951 4975.185951 4975.185951 4975.185951 4975.185951 4975.185951 4975.185951 4975.185951 4975.185951 4975.185951 4975.185951 4975.185951 4975.185951 4975.185951 4975.185951 4975.185951 4975.185951 4975.185951 4975.185951 4975.185951 4975.185951 4975.185951 4975.185951 4975.185951 4975.185951 -9999.0 -9999.0
-9999.0 -9999.0 2500.055671 2600.451642 2700.757469 2800.962040 2901.055854 3001.028412 3100.866029 3200.546175 3300.023173 3399.263845 3498.326425 3597.228800 3695.948341 3794.429607 3892.733358 3990.854859 4087.212164 4152.792465 4244.058896 4339.521161 4433.954901 4527.006709 4618.131328 4706.467233 4790.289202 4866.298429 4928.350927 4975.185951 4975.185951 4975.185951 4975.185951 4975.185951 4975.185951 4975.185951 4975.185951 4975.185951 4975.185951 4975.185951 4975.185951 4975.185951 4975.185951 4975.185951 4975.185951 4975.185951 4975.185951 4975.185951 4975.185951 4975.185951 4975.185951 4975.185951 4975.185951 4975.185951 4975.185951 4975.185951 4975.185951 4975.185951 4975.185951 4975.185951 4975.185951 4975.185951 4975.185951 4975.185951 4975.185951 4975.185951 4975.185951 4975.185951 4975.185951 4975.185951 4975.185951 4975.185951 4975.185951 4975.185951 4975.185951 4975.185951 4975.185951 4975.185951 4975.185951 4975.185951 4975.185951 4975.185951 4975.185951 4975.185951 4975.185951 4975.185951 4975.185951 4975.185951 4975.185951 4975.185951 4975.185951 4975.185951 4975.185951 4975.185951 4975.185951 4975.185951 4975.185951 4975.185951 4975.185951 4975.185951 4975.185951 4975.185951 -9999.0 -9999.0
-9999.0 -9999.0 2500.055672 2600.451640 2700.757471 2800.962039 2901.055855 3001.028411 3100.866030 3200.546174 3300.023174 3399.263844 3498.326425 3597.228799 3695.948341 3794.429607 3892.733358 3990.854858 4087.212164 4152.792465 4244.058896 4339.521161 4433.954900 4527.006709 4618.131328 4706.467233 4790.289202 4866.298429 4928.350927 4975.185951 4975.185951 4975.185951 4975.185951 4975.185951 4975.185951 4975.185951 4975.185951 4975.185951 4975.185951 4975.185951 4975.185951 4975.185951 4975.185951 4975.185951 4975.185951 4975.185951 4975.185951 4975.185951 4975.185951 4975.185951 4975.185951 4975.185951 4975.185951 4975.185951 4975.185951 4975.185951 4975.185951 4975.185951 4975.185951 4975.185951 4975.185951 4975.185951 4975.185951 4975.185951 4975.185951 4975.185951 4975.185951 4975.185951 4975.185951 4975.185951 4975.185951 4975.185951 4975.185951 4975.185951 4975.185951 4975.185951 4975.185951 4975.185951 4975.185951 4975.185951 4975.185951 4975.185951 4975.185951 4975.185951 4975.185951 4975.185951 4975.185951 4975.185951 4975.185951 4975.185951 4975.185951 4975.185951 4975.185951 4975.185951 4975.185951 4975.185951 4975.185951 4975.185951 4975.185951 4975.185951 4975.185951 4975.185951 -9999.0 -9999.0
-9999.0 -9999.0 2500.055669 2600.451640 2700.757468 2800.962039 2901.055853 3001.028411 3100.866028 3200.546174 3300.023172 3399.263843 3498.326423 3597.228798 3695.948339 3794.429605 3892.733357 3990.854857 4087.212163 4152.792465 4244.058897 4339.521162 4433.954902 4527.006710 4618.131329 4706.467233 4790.289202 4866.298430 4928.350927 4975.185951 4975.185951 4975.185951 4975.185951 4975.185951 4975.185951 4975.185951 4975.185951 4975.185951 4975.185951 4975.185951 4975.185951 4975.185951 4975.185951 4975.185951 4975.185951 4975.185951 4975.185951 4975.185951 4975.185951 4975.185951 4975.185951 4975.185951 4975.185951 4975.185951 4975.185951 4975.185951 4975.185951 4975.185951 4975.185951 4975.185951 4975.185951 4975.185951 4975.185951 4975.185951 4975.185951 4975.185951 4975.185951 4975.185951 4975.185951 4975.185951 4975.185951 4975.185951 4975.185951 4975.185951 4975.185951 4975.185951 4975.185951 4975.185951 4975.185951 4975.185951 4975.185951 4975.185951 4975.185951 4975.185951 4975.185951 4975.185951 4975.185951 4975.185951 4975.185951 4975.185951 4975.185951 4975.185951 4975.185951 4975.185951 4975.185951 4975.185951 4975.185951 4975.185951 4975.185951 4975.185951 4975.185951 4975.185951 -9999.0 -9999.0
-9999.0 -9999.0 2500.055668 2600.451636 2700.757467 2800.962036 2901.055853 3001.028408 3100.866028 3200.546171 3300.023171 3399.263840 3498.326421 3597.228794 3695.948336 3794.429602 3892.733354 3990.854856 4087.212163 4152.792467 4244.058899 4339.521164 4433.954903 4527.006712 4618.131330 4706.467235 4790.289203 4866.298430 4928.350928 4975.185951 4975.185951 4975.185951 4975.185951 4975.185951 4975.185951 4975.185951 4975.185951 4975.185951 4975.185951 4975.185951 4975.185951 4975.185951 4975.185951 4975.185951 4975.185951 4975.185951 4975.185951 4975.185951 4975.185951 4975.185951 4975.185951 4975.185951 4975.185951 4975.185951 4975.185951 4975.185951 4975.185951 4975.185951 4975.185951 4975.185951 4975.185951 4975.185951 4975.185951 4975.185951 4975.185951 4975.185951 4975.185951 4975.185951 4975.185951 4975.185951 4975.185951 4975.185951 4975.185951 4975.185951 4975.185951 4975.185951 4975.185951 4975.185951 4975.185951 4975.185951 4975.185951 4975.185951 4975.185951 4975.185951 4975.185951 4975.185951 4975.185951 4975.185951 4975.185951 4975.185951 4975.185951 4975.185951 4975.185951 4975.185951 4975.185951 4975.185951 4975.185951 4975.185951 4975.185951 4975.185951 4975.185951 4975.185951 -9999.0 -9999.0
-9999.0 -9999.0 -9999.0 -9999.0 -9999.0 -9999.0 -9999.0 -9999.0 -9999.0 -9999.0 -9999.0 -9999.0 -9999.0 -9999.0 -9999.0 -9999.0 -9999.0 -9999.0 -9999.0 -9999.0 -9999.0 -9999.0 -9999.0 -9999.0 -9999.0 -9999.0 -9999.0 -9999.0 -9999.0 -9999.0 -9999.0 -9999.0 -9999.0 -9999.0 -9999.0 -9999.0 -9999.0 -9999.0 -9999.0 -9999.0 -9999.0 -9999.0 -9999.0 -9999.0 -9999.0 -9999.0 -9999.0 -9999.0 -9999.0 -9999.0 -9999.0 -9999.0 -9999.0 -9999.0 -9999.0 -9999.0 -9999.0 -9999.0 -9999.0 -9999.0 -9999.0 -9999.0 -9999.0 -9999.0 -9999.0 -9999.0 -9999.0 -9999.0 -9999.0 -9999.0 -9999.0 -9999.0 -9999.0 -9999.0 -9999.0 -9999.0 -9999.0 -9999.0 -9999.0 -9999.0 -9999.0 -9999.0 -9999.0 -9999.0 -9999.0 -9999.0 -9999.0 -9999.0 -9999.0 -9999.0 -9999.0 -9999.0 -9999.0 -9999.0 -9999.0 -9999.0 -9999.0 -9999.0 -9999.0 -9999.0 -9999.0 -9999.0 -9999.0 -9999.0
-9999.0 -9999.0 -9999.0 -9999.0 -9999.0 -9999.0 -9999.0 -9999.0 -9999.0 -9999.0 -9999.0 -9999.0 -9999.0 -9999.0 -9999.0 -9999.0 -9999.0 -9999.0 -9999.0 -9999.0 -9999.0 -9999.0 -9999.0 -9999.0 -9999.0 -9999.0 -9999.0 -9999.0 -9999.0 -9999.0 -9999.0 -9999.0 -9999.0 -9999.0 -9999.0 -9999.0 -9999.0 -9999.0 -9999.0 -9999.0 -9999.0 -9999.0 -9999.0 -9999.0 -9999.0 -9999.0 -9999.0 -9999.0 -9999.0 -9999.0 -9999.0 -9999.0 -9999.0 -9999.0 -9999.0 -9999.0 -9999.0 -9999.0 -9999.0 -9999.0 -9999.0 -9999.0 -9999.0 -9999.0 -9999.0 -9999.0 -9999.0 -9999.0 -9999.0 -9999.0 -9999.0 -9999.0 -9999.0 -9999.0 -9999.0 -9999.0 -9999.0 -9999.0 -9999.0 -9999.0 -9999.0 -9999.0 -9999.0 -9999.0 -9999.0 -9999.0 -9999.0 -9999.0 -9999.0 -9999.0 -9999.0 -9999.0 -9999.0 -9999.0 -9999.0 -9999.0 -9999.0 -9999.0 -9999.0 -9999.0 -9999.0 -9999.0 -9999.0 -9999.0