superslab____/simulation/in/dem.asc
ncols 104 
nrows 10 
xllcorner -2 
yllcorner 0 
cellsize 1 
NODATA_value -9999 
-9999.000000000000000 -9999 -9999 -9999 -9999 -9999 -9999 -9999 -9999 -9999 -9999 -9999 -9999 -9999 -9999 -9999 -9999 -9999 -9999 -9999 -9999 -9999 -9999 -9999 -9999 -9999 -9999 -9999 -9999 -9999 -9999 -9999 -9999 -9999 -9999 -9999 -9999 -9999 -9999 -9999 -9999 -9999 -9999 -9999 -9999 -9999 -9999 -9999 -9999 -9999 -9999 -9999 -9999 -9999 -9999 -9999 -9999 -9999 -9999 -9999 -9999 -9999 -9999 -9999 -9999 -9999 -9999 -9999 -9999 -9999 -9999 -9999 -9999 -9999 -9999 -9999 -9999 -9999 -9999 -9999 -9999 -9999 -9999 -9999 -9999 -9999 -9999 -9999 -9999 -9999 -9999 -9999 -9999 -9999 -9999 -9999 -9999 -9999 -9999 -9999 -9999 -9999 -9999 -9999
-9999 -9999 -9999 -9999 -9999 -9999 -9999 -9999 -9999 -9999 -9999 -9999 -9999 -9999 -9999 -9999 -9999 -9999 -9999 -9999 -9999 -9999 -9999 -9999 -9999 -9999 -9999 -9999 -9999 -9999 -9999 -9999 -9999 -9999 -9999 -9999 -9999 -9999 -9999 -9999 -9999 -9999 -9999 -9999 -9999 -9999 -9999 -9999 -9999 -9999 -9999 -9999 -9999 -9999 -9999 -9999 -9999 -9999 -9999 -9999 -9999 -9999 -9999 -9999 -9999 -9999 -9999 -9999 -9999 -9999 -9999 -9999 -9999 -9999 -9999 -9999 -9999 -9999 -9999 -9999 -9999 -9999 -9999 -9999 -9999 -9999 -9999 -9999 -9999 -9999 -9999 -9999 -9999 -9999 -9999 -9999 -9999 -9999 -9999 -9999 -9999 -9999 -9999 -9999
-9999 -9999 5.05 5.15 5.25 5.35 5.45 5.55 5.65 5.75 5.85 5.95 6.05 6.15 6.25 6.35 6.45 6.55 6.65 6.75 6.85 6.95 7.05 7.15 7.25 7.35 7.45 7.55 7.65 7.75 7.85 7.95 8.05 8.15 8.25 8.35 8.45 8.55 8.65 8.75 8.85 8.95 9.05 9.15 9.25 9.35 9.45 9.55 9.65 9.75 9.85 9.95 10.05 10.15 10.25 10.35 10.45 10.55 10.65 10.75 10.85 10.95 11.05 11.15 11.25 11.35 11.45 11.55 11.65 11.75 11.85 11.95 12.05 12.15 12.25 12.35 12.45 12.55 12.65 12.75 12.85 12.95 13.05 13.15 13.25 13.35 13.45 13.55 13.65 13.75 13.85 13.95 14.05 14.15 14.25 14.35 14.45 14.55 14.65 14.75 14.85 14.95 -9999 -9999
-9999 -9999 5.05 5.15 5.25 5.35 5.45 5.55 5.65 5.75 5.85 5.95 6.05 6.15 6.25 6.35 6.45 6.55 6.65 6.75 6.85 6.95 7.05 7.15 7.25 7.35 7.45 7.55 7.65 7.75 7.85 7.95 8.05 8.15 8.25 8.35 8.45 8.55 8.65 8.75 8.85 8.95 9.05 9.15 9.25 9.35 9.45 9.55 9.65 9.75 9.85 9.95 10.05 10.15 10.25 10.35 10.45 10.55 10.65 10.75 10.85 10.95 11.05 11.15 11.25 11.35 11.45 11.55 11.65 11.75 11.85 11.95 12.05 12.15 12.25 12.35 12.45 12.55 12.65 12.75 12.85 12.95 13.05 13.15 13.25 13.35 13.45 13.55 13.65 13.75 13.85 13.95 14.05 14.15 14.25 14.35 14.45 14.55 14.65 14.75 14.85 14.95 -9999 -9999
-9999 -9999 5.05 5.15 5.25 5.35 5.45 5.55 5.65 5.75 5.85 5.95 6.05 6.15 6.25 6.35 6.45 6.55 6.65 6.75 6.85 6.95 7.05 7.15 7.25 7.35 7.45 7.55 7.65 7.75 7.85 7.95 8.05 8.15 8.25 8.35 8.45 8.55 8.65 8.75 8.85 8.95 9.05 9.15 9.25 9.35 9.45 9.55 9.65 9.75 9.85 9.95 10.05 10.15 10.25 10.35 10.45 10.55 10.65 10.75 10.85 10.95 11.05 11.15 11.25 11.35 11.45 11.55 11.65 11.75 11.85 11.95 12.05 12.15 12.25 12.35 12.45 12.55 12.65 12.75 12.85 12.95 13.05 13.15 13.25 13.35 13.45 13.55 13.65 13.75 13.85 13.95 14.05 14.15 14.25 14.35 14.45 14.55 14.65 14.75 14.85 14.95 -9999 -9999
-9999 -9999 5.05 5.15 5.25 5.35 5.45 5.55 5.65 5.75 5.85 5.95 6.05 6.15 6.25 6.35 6.45 6.55 6.65 6.75 6.85 6.95 7.05 7.15 7.25 7.35 7.45 7.55 7.65 7.75 7.85 7.95 8.05 8.15 8.25 8.35 8.45 8.55 8.65 8.75 8.85 8.95 9.05 9.15 9.25 9.35 9.45 9.55 9.65 9.75 9.85 9.95 10.05 10.15 10.25 10.35 10.45 10.55 10.65 10.75 10.85 10.95 11.05 11.15 11.25 11.35 11.45 11.55 11.65 11.75 11.85 11.95 12.05 12.15 12.25 12.35 12.45 12.55 12.65 12.75 12.85 12.95 13.05 13.15 13.25 13.35 13.45 13.55 13.65 13.75 13.85 13.95 14.05 14.15 14.25 14.35 14.45 14.55 14.65 14.75 14.85 14.95 -9999 -9999
-9999 -9999 5.05 5.15 5.25 5.35 5.45 5.55 5.65 5.75 5.85 5.95 6.05 6.15 6.25 6.35 6.45 6.55 6.65 6.75 6.85 6.95 7.05 7.15 7.25 7.35 7.45 7.55 7.65 7.75 7.85 7.95 8.05 8.15 8.25 8.35 8.45 8.55 8.65 8.75 8.85 8.95 9.05 9.15 9.25 9.35 9.45 9.55 9.65 9.75 9.85 9.95 10.05 10.15 10.25 10.35 10.45 10.55 10.65 10.75 10.85 10.95 11.05 11.15 11.25 11.35 11.45 11.55 11.65 11.75 11.85 11.95 12.05 12.15 12.25 12.35 12.45 12.55 12.65 12.75 12.85 12.95 13.05 13.15 13.25 13.35 13.45 13.55 13.65 13.75 13.85 13.95 14.05 14.15 14.25 14.35 14.45 14.55 14.65 14.75 14.85 14.95 -9999 -9999
-9999 -9999 5.05 5.15 5.25 5.35 5.45 5.55 5.65 5.75 5.85 5.95 6.05 6.15 6.25 6.35 6.45 6.55 6.65 6.75 6.85 6.95 7.05 7.15 7.25 7.35 7.45 7.55 7.65 7.75 7.85 7.95 8.05 8.15 8.25 8.35 8.45 8.55 8.65 8.75 8.85 8.95 9.05 9.15 9.25 9.35 9.45 9.55 9.65 9.75 9.85 9.95 10.05 10.15 10.25 10.35 10.45 10.55 10.65 10.75 10.85 10.95 11.05 11.15 11.25 11.35 11.45 11.55 11.65 11.75 11.85 11.95 12.05 12.15 12.25 12.35 12.45 12.55 12.65 12.75 12.85 12.95 13.05 13.15 13.25 13.35 13.45 13.55 13.65 13.75 13.85 13.95 14.05 14.15 14.25 14.35 14.45 14.55 14.65 14.75 14.85 14.95 -9999 -9999
-9999 -9999 -9999 -9999 -9999 -9999 -9999 -9999 -9999 -9999 -9999 -9999 -9999 -9999 -9999 -9999 -9999 -9999 -9999 -9999 -9999 -9999 -9999 -9999 -9999 -9999 -9999 -9999 -9999 -9999 -9999 -9999 -9999 -9999 -9999 -9999 -9999 -9999 -9999 -9999 -9999 -9999 -9999 -9999 -9999 -9999 -9999 -9999 -9999 -9999 -9999 -9999 -9999 -9999 -9999 -9999 -9999 -9999 -9999 -9999 -9999 -9999 -9999 -9999 -9999 -9999 -9999 -9999 -9999 -9999 -9999 -9999 -9999 -9999 -9999 -9999 -9999 -9999 -9999 -9999 -9999 -9999 -9999 -9999 -9999 -9999 -9999 -9999 -9999 -9999 -9999 -9999 -9999 -9999 -9999 -9999 -9999 -9999 -9999 -9999 -9999 -9999 -9999 -9999
-9999 -9999 -9999 -9999 -9999 -9999 -9999 -9999 -9999 -9999 -9999 -9999 -9999 -9999 -9999 -9999 -9999 -9999 -9999 -9999 -9999 -9999 -9999 -9999 -9999 -9999 -9999 -9999 -9999 -9999 -9999 -9999 -9999 -9999 -9999 -9999 -9999 -9999 -9999 -9999 -9999 -9999 -9999 -9999 -9999 -9999 -9999 -9999 -9999 -9999 -9999 -9999 -9999 -9999 -9999 -9999 -9999 -9999 -9999 -9999 -9999 -9999 -9999 -9999 -9999 -9999 -9999 -9999 -9999 -9999 -9999 -9999 -9999 -9999 -9999 -9999 -9999 -9999 -9999 -9999 -9999 -9999 -9999 -9999 -9999 -9999 -9999 -9999 -9999 -9999 -9999 -9999 -9999 -9999 -9999 -9999 -9999 -9999 -9999 -9999 -9999 -9999 -9999 -9999
